0 30 4 54 21
0 50 7 77 23
0 100 7 129 24
0 127 6 156 24
0 153 6 182 24
0 180 6 209 24
0 207 6 236 24
0 235 6 264 24
0 262 6 292 24
0 290 6 319 24
0 318 5 347 23
0 342 4 371 21
0 360 1 388 17
1 7 1 30 12
1 15 2 42 16
1 50 6 80 22
1 101 7 131 24
1 127 7 157 24
1 181 7 210 24
1 236 7 265 24
1 263 7 292 24
1 290 7 319 24
1 318 5 347 23
1 342 4 371 21
1 359 2 388 18
1 372 0 399 15
2 3 14 28 27
2 15 14 42 27
2 35 14 62 26
2 63 13 91 26
2 93 13 121 26
2 124 13 152 26
2 155 13 183 26
2 187 13 214 26
2 218 13 246 25
2 282 12 309 25
2 313 12 341 25
2 341 12 369 24
2 361 12 389 24
3 0 11 26 24
3 10 11 38 25
3 27 12 56 26
3 53 13 82 26
3 114 14 144 26
3 178 13 208 25
3 211 13 240 25
3 242 13 272 25
3 274 13 304 25
3 306 12 336 24
3 336 12 366 24
3 357 11 387 23
3 372 10 402 23
4 1 10 26 23
4 14 11 40 23
4 32 12 58 25
4 89 13 115 26
4 120 13 146 26
4 152 13 178 26
4 183 13 210 26
4 215 13 242 26
4 246 12 273 25
4 278 12 305 25
4 310 12 337 25
4 339 11 365 24
4 360 10 386 23
5 -1 11 21 34
5 7 13 33 32
5 20 12 48 31
5 40 11 69 30
5 65 11 95 30
5 93 11 123 29
5 150 11 179 29
5 178 11 208 29
5 263 10 293 29
5 292 10 321 28
5 320 10 350 28
5 344 10 374 29
5 362 11 391 30
6 17 -2 36 16
6 30 4 51 19
6 51 7 74 22
6 76 7 98 22
6 101 7 124 22
6 127 7 151 21
6 154 7 178 21
6 181 7 206 21
6 209 7 234 21
6 236 7 262 21
6 291 6 317 21
6 319 5 345 20
6 360 1 386 15
7 3 7 30 20
7 16 9 43 22
7 35 11 63 24
7 62 12 90 24
7 91 12 120 24
7 121 12 150 25
7 152 11 180 24
7 183 11 211 24
7 214 11 242 24
7 336 8 362 22
7 336 8 362 22
7 357 6 383 20
7 357 6 383 20
8 42 9 69 26
8 42 9 69 26
8 68 10 95 26
8 68 10 95 26
8 124 10 152 26
8 182 10 210 26
8 212 10 240 26
8 241 10 269 26
8 299 9 327 25
8 327 8 356 25
8 350 7 379 23
8 366 5 394 22
8 378 4 406 21
9 8 6 33 31
9 38 11 69 30
9 62 11 94 30
9 88 11 120 30
9 111 11 146 30
9 136 11 172 31
9 163 11 200 31
9 190 11 227 31
9 243 10 281 30
9 271 10 308 30
9 326 9 362 30
9 349 9 383 30
9 366 9 398 29
10 20 3 49 18
10 50 5 84 23
10 71 5 105 25
10 93 6 128 26
10 117 6 152 26
10 191 6 226 26
10 216 6 251 27
10 242 6 277 27
10 268 6 302 27
10 294 6 328 27
10 319 5 353 26
10 342 4 375 25
10 369 0 402 20
11 59 8 88 23
11 82 8 114 23
11 105 9 138 23
11 131 9 163 24
11 155 10 186 24
11 179 9 210 25
11 204 10 234 25
11 229 10 259 25
11 283 9 313 25
11 310 9 340 25
11 338 8 367 24
11 357 5 385 21
11 371 2 397 18
12 27 23 53 36
12 43 20 70 33
12 64 19 91 32
12 108 17 136 32
12 154 17 182 32
12 178 17 207 32
12 202 17 231 32
12 227 16 257 32
12 253 16 282 32
12 279 15 309 32
12 305 15 334 32
12 330 15 359 32
12 349 18 379 35
13 22 18 48 36
13 40 16 68 34
13 65 15 94 33
13 91 15 120 32
13 117 15 146 32
13 143 15 173 32
13 170 14 199 31
13 223 14 251 31
13 249 13 277 31
13 275 13 303 31
13 301 13 330 31
13 349 16 378 34
13 364 18 393 36
14 0 9 19 28
14 9 11 34 27
14 23 11 50 27
14 45 11 73 27
14 73 11 102 27
14 132 11 161 27
14 162 11 192 27
14 192 11 222 26
14 223 10 252 26
14 253 10 282 26
14 283 10 312 25
14 359 7 389 24
14 373 6 401 22
15 4 5 25 26
15 15 8 39 25
15 32 10 58 26
15 58 11 84 27
15 115 12 142 27
15 146 11 173 26
15 175 11 203 26
15 205 11 233 26
15 235 11 263 26
15 266 10 293 26
15 295 10 323 25
15 325 9 352 25
15 349 8 377 24
16 11 7 32 28
16 23 9 49 28
16 45 9 73 29
16 71 9 101 29
16 98 9 128 29
16 126 9 156 29
16 153 9 184 29
16 181 9 212 29
16 210 9 240 29
16 238 8 268 28
16 266 8 296 29
16 294 8 324 28
16 321 7 351 28
17 3 9 28 22
17 16 10 41 23
17 34 11 61 24
17 61 12 88 25
17 90 13 118 26
17 120 12 148 25
17 151 12 179 25
17 182 12 209 25
17 214 11 241 24
17 245 11 272 24
17 276 11 303 24
17 307 10 333 24
17 336 9 362 22
18 9 13 28 32
18 44 13 68 29
18 72 13 97 29
18 102 13 127 28
18 132 13 158 28
18 162 13 189 28
18 193 13 220 27
18 224 12 251 27
18 256 12 282 27
18 286 12 313 26
18 317 12 343 26
18 344 11 370 26
18 364 11 389 26
19 25 3 55 18
19 43 6 74 22
19 88 7 118 24
19 112 7 141 24
19 231 5 261 24
19 253 5 286 24
19 253 5 286 24
19 277 5 311 24
19 302 4 336 23
19 302 4 336 23
19 326 2 360 22
19 326 2 360 22
19 348 1 380 18
20 6 8 37 23
20 40 10 71 26
20 40 10 71 26
20 65 11 97 27
20 92 11 125 27
20 92 11 125 27
20 120 11 152 27
20 149 11 181 27
20 149 11 181 27
20 207 10 240 27
20 266 10 298 27
20 324 8 356 26
20 348 8 379 25
21 13 3 32 22
21 13 3 32 22
21 26 7 50 23
21 26 7 50 23
21 49 10 76 25
21 49 10 76 25
21 76 10 104 25
21 105 11 134 26
21 134 11 163 25
21 194 10 223 25
21 224 10 253 25
21 254 10 283 25
21 313 10 342 24
22 4 7 29 32
22 13 9 42 30
22 29 10 59 30
22 76 10 108 31
22 101 10 134 30
22 127 10 160 30
22 153 10 187 30
22 180 10 214 30
22 261 9 294 29
22 288 8 322 28
22 314 8 348 28
22 339 7 372 27
22 357 7 390 26
23 60 6 87 24
23 83 6 112 24
23 109 6 137 24
23 134 6 162 23
23 161 6 188 24
23 187 6 215 24
23 213 6 241 24
23 267 6 296 23
23 267 6 296 23
23 321 4 350 21
23 344 3 373 19
23 344 3 373 19
23 360 1 388 16
24 3 8 40 27
24 3 8 40 27
24 18 9 57 27
24 18 9 57 27
24 39 10 80 28
24 64 10 107 29
24 118 10 161 30
24 145 10 188 30
24 173 9 216 30
24 228 9 271 30
24 255 9 299 30
24 283 9 326 29
24 335 9 374 28
25 6 8 29 31
25 17 10 44 30
25 35 11 65 28
25 60 11 91 28
25 87 11 119 28
25 115 11 147 29
25 144 11 175 28
25 172 10 204 28
25 201 10 233 28
25 258 10 290 27
25 287 10 319 27
25 315 10 347 27
25 373 8 403 26
26 113 9 139 24
26 113 9 139 24
26 141 9 168 24
26 169 9 196 24
26 169 9 196 24
26 198 8 225 23
26 226 8 253 23
26 255 8 282 23
26 283 8 311 23
26 283 8 311 23
26 311 8 339 23
26 357 3 384 18
26 357 3 384 18
27 20 7 42 22
27 20 7 42 22
27 40 9 63 25
27 66 10 89 25
27 66 10 89 25
27 93 11 117 25
27 121 11 145 26
27 121 11 145 26
27 177 11 201 26
27 177 11 201 26
27 205 11 230 26
27 205 11 230 26
27 234 11 259 26
28 19 7 44 23
28 37 9 64 25
28 62 10 89 26
28 90 11 118 26
28 120 11 147 26
28 149 10 177 26
28 179 10 207 25
28 209 10 237 25
28 239 10 267 25
28 269 10 297 25
28 299 10 326 25
28 351 7 378 22
28 368 5 394 20
29 10 19 45 36
29 25 17 60 34
29 47 14 83 32
29 71 13 107 32
29 96 12 133 32
29 173 10 210 31
29 199 9 236 31
29 225 8 262 30
29 277 7 314 31
29 303 7 340 31
29 329 6 365 30
29 350 6 385 30
29 365 6 398 30
30 13 7 33 27
30 26 10 49 26
30 49 11 74 27
30 77 11 102 27
30 105 11 132 27
30 135 11 161 27
30 164 11 191 27
30 194 11 222 26
30 224 10 252 26
30 255 11 283 26
30 286 11 313 26
30 316 10 343 25
30 345 10 371 24
31 8 5 29 26
31 21 8 45 25
31 42 11 68 26
31 70 11 97 27
31 99 12 127 27
31 129 11 158 26
31 190 11 219 26
31 221 11 249 26
31 252 11 280 26
31 282 11 311 25
31 313 11 341 25
31 341 10 368 23
31 360 9 387 22
32 10 11 31 32
32 26 13 51 29
32 52 13 78 29
32 80 12 109 29
32 110 12 139 28
32 141 12 170 28
32 171 12 200 28
32 201 12 231 27
32 232 11 261 27
32 262 11 291 27
32 292 11 321 27
32 347 10 376 26
32 365 10 393 26
33 14 10 38 27
33 29 11 55 27
33 79 11 107 28
33 136 11 164 27
33 223 11 251 26
33 252 11 280 26
33 252 11 280 26
33 281 11 309 26
33 310 11 338 26
33 310 11 338 26
33 337 10 365 26
33 358 9 385 25
33 372 8 399 25
34 11 15 34 30
34 11 15 34 30
34 25 14 50 29
34 75 13 101 28
34 104 13 130 28
34 104 13 130 28
34 134 13 160 28
34 164 13 190 27
34 164 13 190 27
34 255 12 282 27
34 255 12 282 27
34 316 11 342 26
34 344 11 369 26
35 6 6 27 27
35 16 8 41 26
35 32 11 60 27
35 57 11 86 28
35 84 11 114 28
35 142 12 173 28
35 172 11 202 27
35 260 11 290 27
35 290 11 320 27
35 319 10 349 26
35 345 9 374 25
35 363 8 392 24
35 376 7 404 23
36 0 5 19 24
36 9 8 32 24
36 22 10 47 25
36 44 11 70 26
36 101 12 128 26
36 163 12 191 26
36 193 12 221 26
36 225 12 253 26
36 256 12 284 26
36 287 11 315 25
36 318 10 346 25
36 345 9 372 23
36 363 7 391 22
37 15 11 42 30
37 34 12 64 29
37 61 12 92 29
37 118 11 150 29
37 147 11 179 28
37 177 11 209 28
37 207 11 239 27
37 236 11 269 27
37 266 10 298 27
37 296 10 328 27
37 324 9 356 27
37 347 9 379 26
37 364 8 395 26
38 5 9 24 28
38 16 11 39 28
38 34 12 59 28
38 61 12 87 28
38 91 12 117 28
38 151 11 178 28
38 182 11 209 28
38 213 11 240 28
38 243 11 270 27
38 274 10 301 27
38 305 10 332 27
38 334 10 361 27
38 357 10 383 26
39 1 0 22 21
39 22 7 48 23
39 41 9 68 24
39 66 10 93 25
39 92 10 120 25
39 120 10 148 25
39 147 9 176 25
39 232 9 260 24
39 260 8 288 24
39 288 8 316 24
39 316 8 344 24
39 341 6 369 22
39 372 2 399 18
40 18 12 39 27
40 35 12 59 27
40 62 12 86 27
40 91 12 116 27
40 122 12 147 27
40 152 12 178 27
40 183 12 209 27
40 214 12 240 27
40 245 12 271 27
40 276 12 302 27
40 307 12 333 26
40 336 11 362 26
40 358 11 384 26
41 6 8 27 29
41 17 10 42 28
41 34 11 62 28
41 61 10 89 28
41 90 11 118 28
41 119 11 148 28
41 149 11 178 28
41 209 10 238 28
41 239 10 268 28
41 270 10 299 28
41 299 10 328 27
41 328 10 357 27
41 352 9 381 26
42 9 10 38 25
42 24 11 54 26
42 48 12 79 27
42 76 13 106 27
42 104 13 135 27
42 133 12 164 26
42 163 12 194 26
42 193 12 224 27
42 222 12 254 27
42 252 12 284 27
42 311 11 342 26
42 338 11 370 26
42 358 10 388 24
43 3 5 24 26
43 11 8 40 26
43 28 10 59 27
43 52 10 85 27
43 79 10 113 28
43 108 10 142 28
43 137 10 171 27
43 167 11 201 28
43 196 10 231 27
43 226 10 260 27
43 256 10 290 27
43 285 9 319 27
43 314 9 348 26
44 -2 8 28 23
44 8 9 39 26
44 23 10 56 27
44 45 10 78 28
44 71 10 102 29
44 97 10 128 29
44 122 10 153 30
44 148 10 178 30
44 174 9 204 30
44 277 9 306 30
44 303 8 332 30
44 349 4 376 25
44 364 4 390 24
45 2 3 23 24
45 10 6 37 24
45 44 9 74 26
45 70 10 101 27
45 97 11 128 27
45 152 10 184 27
45 181 10 212 27
45 238 10 269 27
45 266 10 298 27
45 294 10 326 27
45 322 8 353 26
45 346 8 377 25
45 369 6 397 23
46 3 4 34 19
46 16 6 48 22
46 37 9 70 24
46 63 10 98 25
46 90 10 127 26
46 147 10 184 26
46 177 10 214 26
46 236 10 274 26
46 266 10 303 26
46 325 8 360 25
46 349 8 383 24
46 365 6 398 22
46 377 4 409 20
47 1 1 22 22
47 10 5 34 23
47 24 7 50 25
47 47 9 72 27
47 73 10 100 27
47 101 10 128 27
47 129 10 157 27
47 158 10 187 27
47 246 10 276 27
47 275 10 305 27
47 304 9 334 27
47 332 9 361 26
47 354 9 382 25
48 65 10 90 23
48 88 10 114 23
48 111 11 138 23
48 135 10 163 23
48 161 10 189 23
48 186 10 215 24
48 212 9 242 24
48 239 9 270 24
48 266 9 297 25
48 294 8 325 25
48 321 7 352 23
48 345 7 374 22
48 361 6 390 20
49 17 3 41 15
49 48 7 78 21
49 92 9 125 25
49 116 9 149 25
49 141 10 174 26
49 166 10 199 26
49 192 10 225 26
49 219 10 252 26
49 245 10 278 26
49 272 10 306 26
49 299 10 333 27
49 326 7 360 25
49 348 7 380 24
50 45 4 80 21
50 66 5 103 22
50 88 5 125 24
50 111 6 148 24
50 135 6 171 25
50 160 6 195 26
50 185 6 220 26
50 210 6 244 27
50 235 6 269 27
50 260 6 294 28
50 286 6 319 28
50 311 5 344 28
50 334 4 366 27
51 0 5 21 26
51 10 8 35 26
51 24 9 51 27
51 75 11 104 28
51 104 11 134 27
51 134 11 164 27
51 165 10 195 27
51 196 11 226 27
51 226 11 256 27
51 257 11 287 27
51 317 10 347 26
51 344 9 374 26
51 362 8 392 24
52 7 7 28 28
52 37 11 65 28
52 64 11 92 28
52 92 11 121 28
52 121 11 151 28
52 151 11 181 28
52 181 11 211 28
52 211 11 241 28
52 241 11 271 28
52 301 10 330 28
52 330 10 359 27
52 353 9 382 27
52 369 9 397 26
53 5 10 26 31
53 15 11 41 29
53 31 12 59 29
53 56 12 84 28
53 83 12 112 29
53 111 12 140 28
53 168 12 198 27
53 197 11 227 27
53 255 11 284 27
53 284 11 313 27
53 339 11 368 27
53 358 11 388 27
53 372 10 401 27
54 0 7 21 28
54 9 9 35 27
54 22 10 50 27
54 43 11 72 28
54 69 11 99 28
54 98 11 128 28
54 185 11 215 28
54 214 11 245 28
54 243 10 274 27
54 272 10 303 27
54 301 10 332 27
54 368 7 397 25
54 379 7 408 24
55 10 5 38 26
55 23 8 53 27
55 44 9 75 28
55 69 9 101 28
55 96 10 128 28
55 123 10 155 28
55 150 10 183 28
55 233 9 265 28
55 316 7 347 26
55 340 7 372 26
55 358 5 389 24
55 358 5 389 24
55 371 3 401 23
56 4 1 29 14
56 14 2 40 17
56 28 5 55 20
56 50 7 78 23
56 103 9 131 24
56 130 9 159 24
56 158 9 187 24
56 187 9 215 24
56 216 8 244 24
56 245 8 273 24
56 302 8 330 24
56 330 6 358 23
56 351 4 379 21
57 13 1 38 14
57 24 4 51 18
57 44 6 73 21
57 68 7 97 23
57 94 6 123 23
57 120 6 149 23
57 147 6 176 23
57 200 6 229 24
57 228 6 257 24
57 255 6 284 24
57 283 6 311 24
57 310 5 339 23
57 335 3 364 22
58 2 0 27 13
58 10 2 38 15
58 21 4 51 19
58 39 8 69 23
58 89 9 119 26
58 142 8 172 26
58 197 7 226 26
58 224 6 253 25
58 251 6 280 25
58 278 6 307 25
58 305 5 333 24
58 330 4 359 23
58 351 2 379 20
59 224 8 254 24
59 224 8 254 24
59 224 8 254 24
59 254 8 283 24
59 254 8 283 24
59 254 8 283 24
59 311 8 340 24
59 311 8 340 24
59 311 8 340 24
59 338 6 366 22
59 338 6 366 22
59 357 4 385 19
59 357 4 385 19
60 49 9 77 22
60 49 9 77 22
60 49 9 77 22
60 105 9 134 22
60 134 9 162 23
60 134 9 162 23
60 163 9 191 23
60 192 9 220 23
60 221 8 250 23
60 251 8 279 23
60 280 8 308 23
60 308 7 335 23
60 334 6 361 21
61 12 0 37 13
61 42 6 72 22
61 65 7 96 24
61 115 6 146 24
61 142 7 172 24
61 169 6 199 24
61 196 6 226 24
61 222 6 253 25
61 249 6 280 25
61 277 6 308 25
61 304 6 335 25
61 330 4 360 23
61 364 0 393 17
62 31 3 60 18
62 50 5 80 21
62 72 6 102 22
62 95 7 124 22
62 142 7 171 23
62 166 7 195 23
62 190 7 219 23
62 215 7 243 23
62 239 6 267 22
62 264 6 292 22
62 288 6 316 22
62 313 5 341 21
62 333 3 363 20
63 11 6 34 29
63 23 9 52 28
63 72 11 103 28
63 128 11 160 28
63 157 11 189 28
63 186 11 218 28
63 215 11 248 28
63 244 10 277 28
63 273 11 306 28
63 302 10 334 28
63 330 10 362 27
63 352 9 383 27
63 378 9 408 27
64 43 6 70 19
64 64 6 93 20
64 85 7 115 21
64 108 7 137 21
64 130 7 158 21
64 153 7 180 21
64 176 7 203 22
64 200 7 227 21
64 224 7 251 21
64 248 6 276 21
64 274 6 302 20
64 299 6 327 20
64 324 5 353 19
65 24 2 55 17
65 42 4 74 20
65 63 5 96 21
65 86 5 119 22
65 133 5 166 23
65 157 5 190 23
65 181 5 215 23
65 206 5 239 23
65 255 5 287 23
65 280 6 311 23
65 304 6 336 23
65 329 4 360 22
65 349 2 379 20
66 16 1 41 14
66 27 4 54 17
66 44 6 72 21
66 66 7 94 23
66 89 7 117 22
66 113 7 141 22
66 136 7 165 22
66 161 6 190 22
66 186 6 216 22
66 211 6 241 22
66 237 6 267 22
66 263 6 293 21
66 289 6 319 22
67 5 2 30 27
67 32 8 61 28
67 55 8 85 29
67 80 9 111 29
67 106 9 137 29
67 159 9 190 29
67 186 8 217 28
67 213 8 244 28
67 240 8 271 28
67 267 8 298 28
67 293 7 325 28
67 320 6 351 27
67 343 5 374 26
68 68 6 94 23
68 113 7 141 24
68 137 8 165 24
68 187 8 215 24
68 212 8 240 24
68 238 8 266 24
68 238 8 266 24
68 291 7 320 23
68 317 5 346 23
68 341 4 370 21
68 358 2 386 18
68 358 2 386 18
68 369 1 398 15
69 7 9 30 32
69 59 11 90 29
69 112 11 143 29
69 139 11 170 29
69 166 11 198 28
69 193 11 225 28
69 193 11 225 28
69 249 10 280 28
69 249 10 280 28
69 276 10 308 27
69 304 9 335 27
69 351 9 382 26
69 367 8 397 26
70 18 24 43 37
70 25 21 54 37
70 119 14 151 32
70 141 14 173 32
70 164 13 196 31
70 164 13 196 31
70 187 13 219 31
70 211 13 243 31
70 260 12 291 31
70 310 12 341 30
70 333 12 364 31
70 351 15 381 34
70 373 20 403 37
71 21 -1 40 17
71 37 5 59 19
71 61 7 84 21
71 85 7 109 22
71 111 7 134 21
71 136 7 160 21
71 162 7 186 21
71 190 7 214 21
71 217 7 242 21
71 273 7 298 21
71 300 7 325 21
71 327 6 352 20
71 349 3 373 16
72 3 1 28 14
72 11 4 38 17
72 20 4 50 19
72 33 7 65 22
72 55 9 87 25
72 78 10 111 25
72 104 10 137 25
72 129 9 163 25
72 155 9 188 25
72 181 10 214 25
72 207 10 239 25
72 258 9 291 24
72 284 9 317 25
73 22 -1 43 19
73 34 5 59 20
73 53 7 81 23
73 76 7 105 23
73 100 7 129 23
73 125 7 154 23
73 150 7 179 22
73 176 7 205 23
73 202 7 231 23
73 228 6 258 22
73 254 7 285 22
73 281 7 312 23
73 308 6 338 22
74 44 3 65 24
74 61 5 87 22
74 83 8 109 22
74 104 9 132 22
74 126 8 155 22
74 148 6 180 21
74 172 6 204 21
74 197 5 229 21
74 222 5 255 21
74 248 5 281 22
74 275 5 307 22
74 302 4 333 22
74 328 3 359 21
75 27 20 58 35
75 68 17 100 32
75 90 16 123 32
75 113 16 146 32
75 136 15 169 32
75 160 14 194 32
75 185 13 219 31
75 211 13 244 31
75 263 12 295 31
75 316 11 346 31
75 339 11 370 32
75 357 13 387 34
75 369 15 399 34
76 22 24 47 37
76 40 20 64 32
76 62 19 86 32
76 86 19 110 32
76 109 18 134 32
76 134 18 159 32
76 159 18 185 32
76 184 17 210 32
76 236 17 262 31
76 262 17 287 31
76 289 16 314 31
76 315 16 340 31
76 339 17 365 32
77 36 14 57 35
77 56 16 82 34
77 78 17 106 33
77 102 16 131 33
77 127 15 156 32
77 152 14 181 31
77 201 14 231 31
77 228 14 258 32
77 284 14 315 32
77 312 14 343 32
77 337 15 368 33
77 356 17 386 35
77 369 19 399 36
78 17 19 41 31
78 36 17 60 29
78 62 16 88 29
78 90 15 116 28
78 119 15 145 28
78 148 14 175 28
78 208 14 235 27
78 238 14 265 27
78 268 13 295 27
78 298 13 325 26
78 328 13 354 26
78 352 13 378 26
78 368 14 393 26
79 1 9 27 22
79 14 11 42 26
79 34 12 63 27
79 61 12 90 28
79 89 12 118 28
79 118 12 147 28
79 146 12 176 28
79 175 11 205 28
79 233 11 263 28
79 262 11 292 28
79 292 11 321 28
79 321 10 350 26
79 345 8 373 23
80 14 10 38 22
80 39 11 65 23
80 68 11 95 24
80 99 12 127 24
80 130 12 159 25
80 161 11 190 25
80 193 11 222 25
80 224 11 253 25
80 256 11 284 25
80 288 11 316 25
80 318 11 344 24
80 343 10 368 23
80 360 9 385 22
81 6 15 34 29
81 20 15 48 29
81 43 14 72 28
81 71 14 100 28
81 100 13 129 28
81 130 13 159 28
81 160 13 188 28
81 190 13 217 27
81 219 12 247 27
81 278 11 305 27
81 335 10 360 26
81 355 8 381 25
81 370 8 395 24
82 7 0 32 13
82 17 2 43 16
82 29 3 57 20
82 50 7 78 24
82 75 8 101 24
82 100 8 127 24
82 126 8 153 24
82 152 8 180 24
82 180 8 208 23
82 207 7 236 23
82 288 7 317 22
82 315 6 343 22
82 339 3 367 20
83 17 0 34 16
83 30 5 50 19
83 53 8 74 21
83 80 8 102 21
83 108 9 130 21
83 166 9 189 21
83 196 9 219 21
83 226 9 249 21
83 257 9 280 21
83 287 8 310 21
83 317 8 340 20
83 344 6 367 19
83 362 3 385 15
84 3 11 22 30
84 13 12 36 29
84 29 13 54 29
84 53 12 80 29
84 81 12 108 29
84 109 12 137 30
84 139 12 167 29
84 169 12 198 29
84 199 12 227 29
84 229 12 257 29
84 259 12 287 29
84 288 12 317 28
84 318 11 347 28
85 59 11 86 30
85 59 11 86 30
85 86 11 114 30
85 114 11 141 30
85 114 11 141 30
85 170 11 197 29
85 227 11 254 29
85 255 11 282 28
85 311 11 339 28
85 337 10 365 28
85 337 10 365 28
85 357 10 385 27
85 357 10 385 27
86 4 12 24 32
86 4 12 24 32
86 14 13 38 29
86 31 12 56 28
86 56 12 81 28
86 56 12 81 28
86 85 12 110 28
86 114 12 139 28
86 144 12 169 28
86 174 12 200 27
86 204 11 230 27
86 204 11 230 27
86 264 11 290 26
87 7 15 34 28
87 47 15 76 28
87 77 14 105 27
87 107 14 136 27
87 138 14 167 27
87 168 13 197 27
87 199 13 228 27
87 230 13 259 26
87 291 12 319 26
87 321 12 349 25
87 321 12 349 25
87 365 12 393 26
87 365 12 393 26
88 4 14 25 35
88 13 14 39 33
88 13 14 39 33
88 28 14 55 31
88 78 13 106 30
88 105 13 134 29
88 162 12 191 29
88 191 12 220 29
88 248 11 277 28
88 277 11 306 28
88 306 11 334 28
88 333 11 362 28
88 369 11 397 28
89 28 17 51 28
89 51 15 78 28
89 77 15 106 27
89 105 14 133 27
89 133 14 161 27
89 161 14 189 26
89 189 13 217 26
89 217 13 246 26
89 246 12 274 25
89 274 12 302 25
89 303 12 331 25
89 330 11 358 24
89 352 12 379 24
90 19 17 42 40
90 38 9 71 33
90 97 8 133 33
90 119 9 156 33
90 140 10 178 33
90 163 10 201 33
90 187 11 225 32
90 237 10 275 32
90 262 10 300 32
90 288 10 326 31
90 313 9 351 29
90 336 9 375 30
90 381 12 413 31
91 7 12 33 25
91 22 13 48 26
91 46 13 72 26
91 74 13 101 27
91 104 13 131 27
91 134 13 161 27
91 165 13 191 27
91 196 12 222 26
91 226 12 253 26
91 257 12 283 25
91 288 12 314 25
91 318 11 344 25
91 345 11 370 25
92 7 9 26 28
92 18 11 42 27
92 37 12 62 27
92 64 12 89 27
92 92 12 119 27
92 122 12 149 27
92 152 12 179 27
92 182 12 209 26
92 212 12 239 26
92 242 12 270 26
92 273 11 300 26
92 303 11 330 26
92 332 10 359 26
93 5 6 26 27
93 16 8 42 26
93 33 10 61 27
93 58 10 86 27
93 141 10 171 27
93 170 10 200 26
93 199 10 229 26
93 228 10 258 26
93 257 10 287 26
93 286 9 316 25
93 314 9 344 25
93 340 8 370 23
93 359 6 388 22
94 12 5 33 26
94 24 8 50 26
94 45 9 74 28
94 71 9 101 28
94 98 9 128 28
94 125 9 156 28
94 152 9 183 28
94 180 9 211 28
94 208 9 239 28
94 236 9 267 28
94 264 9 295 28
94 291 9 322 28
94 319 8 350 27
95 1 1 22 22
95 11 4 36 22
95 50 9 78 26
95 76 10 105 26
95 104 10 133 26
95 329 9 358 25
95 329 9 358 25
95 329 9 358 25
95 351 8 380 25
95 351 8 380 25
95 366 7 395 24
95 366 7 395 24
95 366 7 395 24
96 104 10 134 27
96 132 10 162 27
96 132 10 162 27
96 160 10 190 26
96 217 9 248 26
96 246 9 277 26
96 275 9 306 26
96 275 9 306 26
96 304 9 334 26
96 304 9 334 26
96 331 8 362 25
96 331 8 362 25
96 353 6 383 23
97 11 19 41 34
97 11 19 41 34
97 26 17 57 32
97 26 17 57 32
97 77 15 109 30
97 77 15 109 30
97 132 13 164 30
97 190 12 221 29
97 190 12 221 29
97 218 12 249 28
97 247 11 278 28
97 333 10 362 26
97 333 10 362 26
98 1 4 28 17
98 11 6 39 20
98 26 8 55 22
98 49 10 79 24
98 75 11 106 24
98 103 10 135 24
98 132 10 164 24
98 161 10 193 24
98 219 10 250 24
98 277 10 309 24
98 306 10 338 24
98 334 8 365 22
98 370 4 399 18
99 16 1 43 14
99 28 3 58 18
99 48 6 78 22
99 71 6 102 23
99 71 6 102 23
99 96 7 127 24
99 96 7 127 24
99 122 6 153 24
99 148 6 179 24
99 148 6 179 24
99 174 6 205 24
99 227 6 257 24
99 253 7 283 23
100 22 10 47 23
100 22 10 47 23
100 48 12 75 24
100 75 12 102 25
100 75 12 102 25
100 102 12 130 26
100 130 11 158 26
100 130 11 158 26
100 130 11 158 26
100 159 11 186 26
100 243 10 270 25
100 243 10 270 25
100 318 8 348 24
101 71 11 90 30
101 71 11 90 30
101 71 11 90 30
101 97 12 119 28
101 97 12 119 28
101 123 12 147 29
101 123 12 147 29
101 123 12 147 29
101 150 11 175 28
101 150 11 175 28
101 178 11 203 28
101 261 9 286 26
101 261 9 286 26
102 10 0 35 25
102 22 4 51 26
102 43 7 73 28
102 68 7 98 28
102 94 7 125 28
102 121 7 151 29
102 148 7 178 29
102 174 6 204 28
102 200 6 231 28
102 227 7 258 28
102 254 7 286 28
102 281 7 313 28
102 308 6 341 28
103 8 19 25 36
103 38 16 60 31
103 65 15 88 30
103 94 15 117 30
103 124 15 147 29
103 155 14 178 29
103 185 14 210 28
103 217 14 241 28
103 248 14 273 28
103 280 14 304 27
103 311 14 335 27
103 340 14 365 27
103 360 16 385 29
104 20 0 39 19
104 35 6 59 21
104 61 8 86 22
104 88 9 114 22
104 116 9 142 22
104 144 10 170 22
104 171 10 198 22
104 200 8 226 21
104 228 7 255 21
104 256 7 283 21
104 284 7 311 21
104 313 8 339 21
104 339 5 365 18
105 2 5 37 22
105 14 6 50 24
105 31 9 66 25
105 54 10 89 26
105 79 11 115 26
105 105 11 141 26
105 132 11 168 26
105 157 11 194 26
105 184 10 222 26
105 211 10 249 26
105 239 10 277 26
105 294 10 332 26
105 359 7 395 23
106 37 19 64 32
106 56 18 84 32
106 76 18 105 32
106 97 17 127 33
106 141 16 172 32
106 187 15 218 31
106 210 14 243 31
106 236 14 268 31
106 261 14 293 31
106 287 13 319 31
106 313 12 344 31
106 337 13 368 31
106 354 15 385 33
107 20 0 45 13
107 57 7 81 20
107 79 8 103 21
107 102 8 126 21
107 126 8 150 20
107 150 7 175 20
107 174 6 199 20
107 199 6 223 19
107 224 6 248 19
107 248 6 273 19
107 298 5 323 19
107 324 5 349 19
107 345 2 370 16
108 25 0 46 21
108 41 4 68 24
108 62 5 91 25
108 85 5 115 26
108 110 6 140 26
108 136 6 166 26
108 188 7 218 27
108 241 7 272 27
108 268 7 298 27
108 295 7 325 27
108 321 6 352 26
108 344 5 375 25
108 361 3 390 22
109 1 12 29 26
109 14 12 42 26
109 33 12 61 26
109 60 12 88 27
109 89 12 117 27
109 120 13 148 27
109 151 12 179 26
109 182 12 210 26
109 275 11 303 26
109 306 11 334 25
109 335 11 364 25
109 357 10 385 24
109 371 9 400 23
110 16 1 43 14
110 28 3 58 19
110 50 6 80 23
110 74 6 105 24
110 99 7 129 24
110 125 7 154 24
110 151 7 179 25
110 177 6 206 25
110 204 6 233 25
110 231 6 260 24
110 258 6 287 24
110 336 3 367 20
110 336 3 367 20
111 39 5 67 19
111 39 5 67 19
111 60 6 89 21
111 105 6 133 21
111 128 6 156 22
111 150 6 178 22
111 197 4 224 21
111 221 4 249 21
111 245 4 273 21
111 270 4 298 21
111 296 4 324 21
111 321 3 350 20
111 343 1 372 17
112 30 2 51 23
112 52 6 77 24
112 76 7 103 24
112 103 8 130 25
112 129 8 157 25
112 156 9 184 26
112 184 9 213 26
112 213 9 241 26
112 241 9 269 26
112 270 9 298 26
112 298 9 327 26
112 326 7 355 24
112 349 6 377 23
113 0 8 21 29
113 11 11 35 27
113 26 11 52 27
113 50 11 76 27
113 79 11 106 27
113 140 11 168 27
113 172 11 199 27
113 204 11 231 27
113 235 11 263 26
113 267 11 294 26
113 298 11 326 25
113 329 10 357 25
113 353 10 381 25
114 58 7 86 24
114 100 7 129 24
114 121 5 151 24
114 144 5 174 25
114 167 6 197 25
114 190 6 221 25
114 215 6 245 25
114 240 6 270 25
114 265 6 296 25
114 290 6 321 25
114 316 5 346 24
114 339 3 369 23
114 355 1 386 20